위에 / 실제위치

V1 ~ V12
[11,-17,-42], [23,-1,-20]
[13,-37,-20], [22,-20,-4]
[31,-39,-20], [41,-18,-1]
[32,-17,-40], [42,0,-18]
[11,-17,-42], [30,9,-9]
[13,-37,-20], [30,-8,6]
[31,-39,-20], [49,-7,10]
[32,-17,-40], [48,10,-8]
[11,-17,-42], [38,19,2]
[13,-37,-20], [38,3,16]
[31,-39,-20], [56,4,19]
[32,-17,-40], [55,20,3]

A1 ~ A8
[-40,-6,48], [4,27,69]
[-47,3,26],  [-5,32,50]
[-30,-23,37],[8,15,59]
[-41,-10,15],[-2,21,40]
[-40,-6,48], [-8,16,61]
[-47,3,26],  [-17,22,41]
[-30,-23,37],[-6,3,51]
[-41,-10,15],[-14,11,32]

B1 ~ B8
[-35,48,-4], [2,66,28]
[-46,24,4],  [-5,49,35]
[-36,35,-23],[6,58,17]
[-43,12,-9], [-2,38,22]
[-35,48,-4], [-9,60,18]
[-46,24,4],  [-16,41,26]
[-36,35,-23],[-6,51,6]
[-43,12,-9], [-14,31,13]